 
THOUGHTS ON LINGUISTIC STATES
193
APPENDIX 8—contd.
1
2
3
4
5
6
7
8
9
10
11
12
Bhopal
..
785
410
375
187
96
91
410
215
195
110
59
51
Coorg
..
169
92
76
26
15
11
105
56
49
14
9
6
Cutch
..
501
239
262
39
19
20
279
135
144
117
57
60
Delhi
..
918
535
383
123
69
53
445
262
182
305
176
128
Himachal Pradesh
..
935
495
441
229
120
109
672
356
316
29
16
13
Manipur
..
512
249
263
...
...
...
304
148
156
30
15
15
Tripura
..
513
272
241
12
6
6
336
178
158
124
66
57
Vindya Pradesh
..
3,569
1,819
1,750
399
202
197
2,851
1,455
1,397
95
49
46
Madhya Bharat
..
7,141
3,734
3,407
437
221
216
5,025
2,648
2,377
475
251
224
P.E.P.S.U.
..
3,424
1,868
1,557
214
112
102
978
530
448
899
483
416
Rajasthan
..
13,085
6,868
6,217
...
...
...
9,878
5,196
4,682
1,256
663
593
Saurashtra
..
3,556
1,809
1,747
242
122
120
2,737
1,402
1,336
436
220
226
Travancore Cochin
..
7,493
3,742
3,751
537
269
268
3,902
1,931
1,971
543
276
268
Hyderabad
..
16,339
8,347
7,992
2,928
1,487
1,442
10,382
5,303
5,073
2,097
1,080
1,017
Kashmir
..
4,022
2,130
1,892
113
61
53
694
369
325
3,074
1,627
1,446
Mysore
..
7,329
3,763
3,566
1,405
723
682
5,282
2,702
2,580
485
258
227
