448
 
DR. BABASAHEB AMBEDKAR : WRITINGS AND SPEECHES
Appendix IV
POPULATION FIGURES
Table 1
POPULATION OF DIFFERENT COMMUNITIES ACCORDING TO THE CENSUS OF 1941
Hindus
Scheduled
Castes
Muslims
Sikhs
Indian
Christians
Anglo-
Indians
Parsis
1
2
3
4
5
6
7
Provinces
..
..
150,890,146 
39,920,807
79,398,503 
4,165,097 
3,245,706
1,13,936
1,01,968
Ajmer-Merwara
..
..
376,481
?
89,899
867
3,895
1,005
. . . .
Assam*
..
..
3,586,932
676,291
3,442,479
3,464
37,750
634
2
Baluchistan
..
..
39,521
5,102
438,930
11,918
2,633
263
75
Bengal
..
..
17,680,054
7,378,970
33,005,434
16,281
110,923
31,619
86,270
Bihar
..
..
22,173,890
4,340,379
4,716,314
13,213
24,693
5,963
547
Orissa
..
..
5,594,535
1,238,171
146,301
232
26,584
789
13
Bombay
..
..
14,700,242
1,855,148
1,920,368
6,044
338,812
14,034
43,467
Sind
..
..
1,038,292
191,634
3,208,325
31,011
13,232
2,731
1,936
Central Provinces and Berar 
..
9.880,583
3,051,413
783,697
14,996
48,260
4,538
2,014
Coorg
..
..
105,013
25,740
14,730
Nil
3,309
80
12
Delhi
..
..
444,532
122,693
304,971
16,157
10,494
3,408
284
Madras
..
..
34,731,330
8,068,492
8,896,452
418
2,001,032
28,661
369
N.W.F.P.
..
..
180,321
?
2,788,797
57,939
5,426
837
24
Punjab
..
..
6,301,737
1,248,635
16,217,242
3,757,401
486,038
5,891
4,327
United States
..
34,094,511
11,717,158 
8,416,308 
232,445 
131,327 
13 383 
1,375
States and Agencies
..
55,227,180
8,892,373
12,659,593
1,526,350
2,794,959
26,468
12,922
INDIA
..
..
206,117,326
48,813,180
92,058,096
5,691,447
6,040,665
140,422
114,490
* Tribes 6,484,996.
TRIBES
Provinces
..
..
16,713,256
States and Agencies 
..
..
8,728,233
INDIA
..
..
25,441,489
